9.739210622986421129e+01 6.840265234880564549e+01
1.023700146508658833e+02 7.318279578271237540e+01
7.422430683447869626e+01 4.177121272276690434e+01
5.786009977160333762e+01 2.679057676938990795e+01
6.664263808538244405e+01 3.921354565633133404e+01
1.039919536374502513e+02 7.004452717676859663e+01
4.862254968232174690e+01 2.422995520810349390e+01
9.716166725090525347e+01 7.173825127929811174e+01
6.546527118569919423e+01 3.401846325663455417e+01
9.830874722802360566e+01 5.546459381971924785e+01
2.802247585310845679e+01 1.018583237491216309e+01
7.066690962252565100e+01 3.494385291991886078e+01
1.045616360075630666e+02 5.863600465457069078e+01
2.174025548927265206e+01 6.663604517499781110e+00
5.497669353755823352e+01 2.291731711951166162e+01
1.506450867499496127e+01 5.650872063727642391e+00
7.164988523312963764e+01 5.057222458110211960e+01
9.855408156774201700e+01 7.379708458836314833e+01
5.726668904851615594e+01 1.673297295173094312e+01
9.249242111058494231e+01 4.998584612026416352e+01
